%%MatrixMarket matrix coordinate real general
141 141 1627
1 1 769542.13043431
2 1 -4.7115117123427E-11
6 1 -5771565.9782573
7 1 384771.06521716
8 1 -2.3563835452602E-11
52 1 1.6602089786253E-30
53 1 -2.7685044420277E-31
54 1 -9.9638556411926E-15
55 1 -1.9790271937245E-17
56 1 -1.9790271937245E-17
1 2 -4.7115117123427E-11
2 2 68.281386786499
6 2 3.5339481842395E-10
7 2 -2.3563835452602E-11
8 2 -68.281386786499
52 2 -1.6883288991256E-30
53 2 2.8153962043401E-31
54 2 1.013261923187E-14
55 2 -1.9460655549204E-17
56 2 -1.9460655549204E-17
3 3 5186590.0222868
4 3 38899425.167151
5 3 -2.3818241609865E-09
9 3 2593295.0111434
52 3 -2.0816681711722E-17
53 3 6.9388939039072E-18
54 3 -8.7013514887415E-31
3 4 38899425.167151
4 4 410500034.72472
5 4 4.9358451090348E-09
6 4 -2.1775473986081E-08
8 4 -3.2038627186023E-09
9 4 33254157.115682
10 4 -21505783.053214
11 4 -6.9786127328195E-09
15 4 -5645268.0514686
3 5 -2.3818241609865E-09
4 5 4.9358451090348E-09
5 5 491111164.88305
7 5 -1.7274814986102E-08
9 5 -2.0361626047436E-09
10 5 -6.9786127328195E-09
11 5 -135478942.0367
15 5 3.4566155624295E-10
1 6 -5771565.9782573
2 6 3.5339481842395E-10
4 6 -2.1775473986081E-08
6 6 416538727.87335
7 6 -4933969.1015941
8 6 3.0210849556877E-10
12 6 -3190845.2444312
13 6 837596.8766632
14 6 -5.1286322855176E-11
1 7 384771.06521716
2 7 -2.3563835452602E-11
5 7 -1.1516543324068E-09
6 7 -4933969.1015941
7 7 1062701.0372664
8 7 -6.5063748511117E-11
9 7 -1.4103232128724E-25
12 7 -837596.8766632
13 7 146579.45341606
14 7 -8.9766992200389E-12
1 8 -2.3563835452602E-11
2 8 -68.281386786499
4 8 1.7087267832546E-10
6 8 3.0210849556877E-10
7 8 -6.5063748511117E-11
8 8 94.293343657866
12 8 5.1286322855176E-11
13 8 -8.9766992200389E-12
14 8 -26.011956871047
3 9 2593295.0111434
4 9 33254157.115682
5 9 -2.0361626047436E-09
7 9 -1.4103232128724E-25
9 9 7162433.8403008
10 9 5645268.0514686
11 9 -3.4566155624295E-10
15 9 987921.909007
4 10 -21505783.053214
5 10 -6.9786127328195E-09
9 10 5645268.0514686
10 10 43011566.106427
11 10 1.3957225465639E-08
15 10 -4.6566128730774E-09
16 10 -21505783.053214
17 10 -6.9786127328195E-09
21 10 -5645268.0514686
4 11 -6.9786127328195E-09
5 11 -135478942.0367
9 11 -3.4566155624295E-10
10 11 1.3957225465639E-08
11 11 270957884.07341
15 11 2.5849394142282E-25
16 11 -6.9786127328195E-09
17 11 -135478942.0367
21 11 3.4566155624295E-10
6 12 -3190845.2444312
7 12 -837596.8766632
8 12 5.1286322855176E-11
12 12 6381690.4888625
13 12 6.9849193096161E-10
14 12 -3.8774091213423E-26
18 12 -3190845.2444312
19 12 837596.8766632
20 12 -5.1286322855177E-11
6 13 837596.8766632
7 13 146579.45341606
8 13 -8.9766992200389E-12
12 13 6.9849193096161E-10
13 13 586317.81366424
14 13 -3.5897240557858E-11
18 13 -837596.8766632
19 13 146579.45341606
20 13 -8.9766992200389E-12
6 14 -5.1286322855176E-11
7 14 -8.9766992200389E-12
8 14 -26.011956871047
12 14 -3.8774091213423E-26
13 14 -3.5897240557858E-11
14 14 52.023913742094
18 14 5.1286322855177E-11
19 14 -8.9766992200389E-12
20 14 -26.011956871047
4 15 -5645268.0514686
5 15 3.4566155624295E-10
9 15 987921.909007
10 15 -4.6566128730774E-09
11 15 2.5849394142282E-25
15 15 3951687.636028
16 15 5645268.0514686
17 15 -3.4566155624295E-10
21 15 987921.909007
10 16 -21505783.053214
11 16 -6.9786127328195E-09
15 16 5645268.0514686
16 16 43011566.106427
17 16 1.3957225465639E-08
18 16 -2.1775473986081E-08
20 16 -3.2038627186023E-09
21 16 0
22 16 -21505783.053214
23 16 -6.9786127328195E-09
27 16 -5645268.0514686
10 17 -6.9786127328195E-09
11 17 -135478942.0367
15 17 -3.4566155624295E-10
16 17 1.3957225465639E-08
17 17 270957884.07341
19 17 -1.7274814986102E-08
21 17 -1.0577424096543E-24
22 17 -6.9786127328195E-09
23 17 -135478942.0367
27 17 3.4566155624295E-10
12 18 -3190845.2444312
13 18 -837596.8766632
14 18 5.1286322855177E-11
16 18 -2.1775473986081E-08
18 18 362013913.33521
19 18 0
20 18 -1.9617353209875E-25
24 18 -3190845.2444312
25 18 837596.8766632
26 18 -5.1286322855177E-11
12 19 837596.8766632
13 19 146579.45341606
14 19 -8.9766992200389E-12
17 19 -1.1516543324068E-09
18 19 0
19 19 586317.81366424
20 19 -3.5897240557858E-11
21 19 -1.4103232128724E-25
24 19 -837596.8766632
25 19 146579.45341606
26 19 -8.9766992200389E-12
12 20 -5.1286322855177E-11
13 20 -8.9766992200389E-12
14 20 -26.011956871047
16 20 1.7087267832546E-10
18 20 1.04625883786E-26
19 20 -3.5897240557858E-11
20 20 52.023913742415
24 20 5.1286322855177E-11
25 20 -8.9766992200389E-12
26 20 -26.011956871047
10 21 -5645268.0514686
11 21 3.4566155624295E-10
15 21 987921.909007
16 21 0
17 21 -7.0516160643621E-26
19 21 -1.4103232128724E-25
21 21 3951687.636028
22 21 5645268.0514686
23 21 -3.4566155624295E-10
27 21 987921.909007
16 22 -21505783.053214
17 22 -6.9786127328195E-09
21 22 5645268.0514686
22 22 43011566.106427
23 22 1.3957225465639E-08
27 22 0
28 22 -21505783.053214
29 22 -6.9786127328195E-09
33 22 -5645268.0514686
16 23 -6.9786127328195E-09
17 23 -135478942.0367
21 23 -3.4566155624295E-10
22 23 1.3957225465639E-08
23 23 270957884.07341
27 23 0
28 23 -6.9786127328195E-09
29 23 -135478942.0367
33 23 3.4566155624295E-10
18 24 -3190845.2444312
19 24 -837596.8766632
20 24 5.1286322855177E-11
24 24 6381690.4888625
25 24 0
26 24 0
30 24 -3190845.2444312
31 24 837596.8766632
32 24 -5.1286322855177E-11
18 25 837596.8766632
19 25 146579.45341606
20 25 -8.9766992200389E-12
24 25 0
25 25 586317.81366424
26 25 -3.5897240557858E-11
30 25 -837596.8766632
31 25 146579.45341606
32 25 -8.9766992200389E-12
18 26 -5.1286322855177E-11
19 26 -8.9766992200389E-12
20 26 -26.011956871047
24 26 0
25 26 -3.5897240557858E-11
26 26 52.023913742094
30 26 5.1286322855177E-11
31 26 -8.9766992200389E-12
32 26 -26.011956871047
16 27 -5645268.0514686
17 27 3.4566155624295E-10
21 27 987921.909007
22 27 0
23 27 0
27 27 3951687.636028
28 27 5645268.0514686
29 27 -3.4566155624295E-10
33 27 987921.909007
22 28 -21505783.053214
23 28 -6.9786127328195E-09
27 28 5645268.0514686
28 28 96550416.671628
29 28 11707568.018626
30 28 -2.1880773161332E-08
32 28 -3.2038627186023E-09
33 28 5333756.8059557
34 28 -74184772.203172
35 28 -12401491.266014
39 28 -311511.24551292
22 29 -6.9786127328195E-09
23 29 -135478942.0367
27 29 -3.4566155624295E-10
28 29 11707568.018626
29 29 142078088.03273
30 29 8.4978281781722E-11
31 29 -1.7274814986102E-08
33 29 1766668.063284
34 29 -12401491.266014
35 29 -6039137.7612949
39 29 1766668.063284
24 30 -3190845.2444312
25 30 -837596.8766632
26 30 5.1286322855177E-11
28 30 -2.1880773161332E-08
29 30 8.4978281781722E-11
30 30 359394657.4537
31 30 -791377.48656369
32 30 -262123.18678514
36 30 -571589.36292113
37 30 46219.390099503
38 30 -262123.18678514
24 31 837596.8766632
25 31 146579.45341606
26 31 -8.9766992200389E-12
28 31 9.9200552567813E-31
29 31 -1.1516543324068E-09
30 31 -791377.48656369
31 31 298156.26720631
32 31 -28258.279181929
33 31 -1.4103232128724E-25
36 31 -46219.390099503
37 31 2477.3484281303
38 31 -14132.900955616
24 32 -5.1286322855177E-11
25 32 -8.9766992200389E-12
26 32 -26.011956871047
28 32 1.7087267832546E-10
29 32 6.1388981221616E-31
30 32 -262123.18678514
31 32 -28258.279181929
32 32 160301.34026105
36 32 262123.18678514
37 32 -14132.900955616
38 32 80137.000922019
22 33 -5645268.0514686
23 33 3.4566155624295E-10
27 33 987921.909007
28 33 5333756.8059557
29 33 1766668.063284
30 33 4.4519107419285E-31
31 33 -1.4103232128724E-25
33 33 3089656.2936371
34 33 311511.24551292
35 33 -1766668.063284
39 33 556906.23781154
28 34 -74184772.203172
29 34 -12401491.266014
33 34 311511.24551292
34 34 148369544.40634
35 34 24802982.532029
36 34 -2.1775473986081E-08
38 34 -3.2038627186023E-09
39 34 -6.5192580223084E-09
40 34 -74184772.203171
41 34 -12401491.266015
45 34 -311511.24551293
28 35 -12401491.266014
29 35 -6039137.7612949
33 35 -1766668.063284
34 35 24802982.532029
35 35 12078275.52259
37 35 -1.7274814986102E-08
39 35 -4.5867636799812E-08
40 35 -12401491.266015
41 35 -6039137.7612949
45 35 1766668.0632839
30 36 -571589.36292113
31 36 -46219.390099503
32 36 262123.18678514
34 36 -2.1775473986081E-08
36 36 356775401.57219
37 36 9.677023626864E-10
38 36 6.8102963268757E-09
42 36 -571589.36292111
43 36 46219.390099504
44 36 -262123.18678513
30 37 46219.390099503
31 37 2477.3484281303
32 37 -14132.900955616
35 37 -1.1516543324068E-09
36 37 9.677023626864E-10
37 37 9994.720748381
38 37 -56516.558363859
39 37 -1.4103232128724E-25
42 37 -46219.390099504
43 37 2477.3484281305
44 37 -14132.900955616
30 38 -262123.18678514
31 38 -14132.900955616
32 38 80137.000922019
34 38 1.7087267832546E-10
36 38 6.8102963268757E-09
37 38 -56516.558363859
38 38 320550.65660836
42 38 262123.18678513
43 38 -14132.900955616
44 38 80137.000922018
28 39 -311511.24551292
29 39 1766668.063284
33 39 556906.23781154
34 39 -6.5192580223084E-09
35 39 -4.5867636799812E-08
37 39 -1.4103232128724E-25
39 39 2227624.9512462
40 39 311511.24551293
41 39 -1766668.0632839
45 39 556906.23781154
34 40 -74184772.203171
35 40 -12401491.266015
39 40 311511.24551293
40 40 148369544.40634
41 40 24802982.532029
42 40 -2.1775473986081E-08
44 40 -3.2038627186023E-09
45 40 5.6461431086063E-09
46 40 -74184772.203172
47 40 -12401491.266014
51 40 -311511.24551293
34 41 -12401491.266015
35 41 -6039137.7612949
39 41 -1766668.0632839
40 41 24802982.532029
41 41 12078275.52259
43 41 -1.7274814986102E-08
45 41 4.8894435167313E-08
46 41 -12401491.266014
47 41 -6039137.7612949
51 41 1766668.063284
36 42 -571589.36292111
37 42 -46219.390099504
38 42 262123.18678513
40 42 -2.1775473986081E-08
42 42 356775401.57219
43 42 -8.4401108324528E-10
44 42 -7.2468537837267E-09
48 42 -571589.36292113
49 42 46219.390099503
50 42 -262123.18678514
36 43 46219.390099504
37 43 2477.3484281305
38 43 -14132.900955616
41 43 -1.1516543324068E-09
42 43 -8.4401108324528E-10
43 43 9994.720748381
44 43 -56516.558363859
45 43 -1.4103232128724E-25
48 43 -46219.390099503
49 43 2477.3484281303
50 43 -14132.900955616
36 44 -262123.18678513
37 44 -14132.900955616
38 44 80137.000922018
40 44 1.7087267832546E-10
42 44 -7.2468537837267E-09
43 44 -56516.558363859
44 44 320550.65660836
48 44 262123.18678514
49 44 -14132.900955616
50 44 80137.000922019
34 45 -311511.24551293
35 45 1766668.0632839
39 45 556906.23781154
40 45 5.6461431086063E-09
41 45 4.8894435167313E-08
43 45 -1.4103232128724E-25
45 45 2227624.9512462
46 45 311511.24551293
47 45 -1766668.063284
51 45 556906.23781155
40 46 -74184772.203172
41 46 -12401491.266014
45 46 311511.24551293
46 46 857838865.96259
47 46 -398140603.74319
48 46 -2.1775473986081E-08
50 46 -3.2038627186023E-09
51 46 -26707745.924764
52 46 -783654093.75942
53 46 410542095.0092
57 46 -27019257.170277
40 47 -12401491.266014
41 47 -6039137.7612949
45 47 -1766668.063284
46 47 -398140603.74319
47 47 3045603503.0665
49 47 -1.7274814986102E-08
51 47 151467153.90602
52 47 410542095.0092
53 47 -3039564365.3052
57 47 153233821.96931
42 48 -571589.36292113
43 48 -46219.390099503
44 48 262123.18678514
46 48 -2.1775473986081E-08
48 48 817929090.46984
49 48 3962668.2675373
50 48 -22473408.502851
54 48 -461725278.26057
55 48 4008887.6576368
56 48 -22735531.689637
42 49 46219.390099503
43 49 2477.3484281303
44 49 -14132.900955616
47 49 -1.1516543324068E-09
48 49 3962668.2675373
49 49 51538.874357633
50 49 -291433.83531861
51 49 -1.4103232128724E-25
54 49 -4008887.6576368
55 49 23072.089638592
56 49 -131622.80848288
42 50 -262123.18678514
43 50 -14132.900955616
44 50 80137.000922019
46 50 1.7087267832546E-10
48 50 -22473408.502851
49 50 -291433.83531861
50 50 1652954.6379629
54 50 22735531.689637
55 50 -131622.80848288
56 50 746333.47802214
40 51 -311511.24551293
41 51 1766668.063284
45 51 556906.23781155
46 51 -26707745.924764
47 51 151467153.90602
49 51 -1.4103232128724E-25
51 51 11486992.520197
52 51 27019257.170277
53 51 -153233821.96931
57 51 5186590.0222867
46 52 -783654093.75942
47 52 410542095.0092
51 52 27019257.170277
52 52 1567728624.8484
53 52 -1.1080221249389E-05
54 52 -9.9198681569397E-11
57 52 54038514.340554
58 52 -783654093.75941
59 52 -410542095.00919
63 52 27019257.170277
64 52 -420437.32954295
65 52 -6.2426788043752E-09
66 52 9.9198681569397E-11
67 52 4.9850501432468E-11
68 52 -3.0523620397716E-27
69 52 211283.167952
46 53 410542095.0092
47 53 -3039564365.3052
51 53 -153233821.96931
52 53 -1.0961011959868E-05
53 53 6181503216.8454
54 53 6.0745888584001E-27
57 53 -1.7881393432617E-06
58 53 -410542095.00919
59 53 -3039564365.3052
63 53 153233821.96931
64 53 -6.2426788043752E-09
65 53 -102374486.23497
66 53 -6.0739667870343E-27
67 53 -3.0523620397716E-27
68 53 1.8689709740353E-43
69 53 -1.2936935496487E-11
48 54 -461725278.26057
49 54 -4008887.6576368
50 54 22735531.689637
52 54 -9.9198681569397E-11
53 54 6.0739693362584E-27
54 54 925491084.76822
55 54 -8017775.3152735
56 54 2.6822090148926E-07
60 54 -461725278.26056
61 54 -4008887.6576367
62 54 -22735531.689636
64 54 9.9198681569397E-11
65 54 -6.0739667870343E-27
66 54 -2040528.2470818
67 54 -1025430.5268461
68 54 6.2787436928955E-11
69 54 -4.9850501432468E-11
1 55 -1.1296916714098E-17
2 55 -1.110876119531E-17
48 55 4008887.6576368
49 55 23072.089638592
50 55 -131622.80848288
52 55 3.5657334808716E-27
53 55 -5.5370088840411E-31
54 55 -8017775.3152735
55 55 93083.027966887
56 55 -3.0850060284138E-09
60 55 4008887.6576367
61 55 23072.089638591
62 55 131622.80848288
64 55 -3.5640735697885E-27
65 55 -1.4349296274686E-42
67 55 -7.3692958043187E-32
68 55 -1.2035370846014E-15
1 56 -1.110876119531E-17
2 56 -1.0923739496143E-17
48 56 -22735531.689637
49 56 -131622.80848288
50 56 746333.47802214
52 56 -1.6880259579664E-30
53 56 5.6307924086802E-31
54 56 2.6822090148926E-07
55 56 -3.085004805416E-09
56 56 2985378.2752188
60 56 22735531.689636
61 56 131622.80848288
62 56 746333.47802214
64 56 2.1822935695267E-43
65 56 8.7861196954302E-59
67 56 -1.2035370846014E-15
68 56 -19.655901357114
46 57 -27019257.170277
47 57 153233821.96931
51 57 5186590.0222867
52 57 54038514.340554
53 57 -1.7881393432478E-06
54 57 -8.7013514887415E-31
57 57 20746360.089147
58 57 -27019257.170277
59 57 -153233821.96931
63 57 5186590.0222867
64 57 5.8207660913467E-11
65 57 -8.7861196954302E-59
52 58 -783654093.75941
53 58 -410542095.00919
57 58 -27019257.170277
58 58 857838865.96258
59 58 398140603.74318
60 58 -2.1775473986081E-08
62 58 -3.2038627186023E-09
63 58 -26707745.924764
70 58 -74184772.203172
71 58 12401491.266014
75 58 311511.24551293
52 59 -410542095.00919
53 59 -3039564365.3052
57 59 -153233821.96931
58 59 398140603.74318
59 59 3045603503.0665
61 59 -1.7274814986102E-08
63 59 -151467153.90602
70 59 12401491.266014
71 59 -6039137.7612949
75 59 1766668.063284
54 60 -461725278.26056
55 60 4008887.6576367
56 60 22735531.689636
58 60 -2.1775473986081E-08
60 60 817929090.46983
61 60 3962668.2675372
62 60 22473408.502851
72 60 -571589.36292113
73 60 -46219.390099503
74 60 -262123.18678514
54 61 -4008887.6576367
55 61 23072.089638591
56 61 131622.80848288
59 61 -1.1516543324068E-09
60 61 3962668.2675372
61 61 51538.874357632
62 61 291433.83531861
63 61 -1.4103232128724E-25
72 61 46219.390099503
73 61 2477.3484281304
74 61 14132.900955616
54 62 -22735531.689636
55 62 131622.80848288
56 62 746333.47802214
58 62 1.7087267832546E-10
60 62 22473408.502851
61 62 291433.83531861
62 62 1652954.6379629
72 62 262123.18678514
73 62 14132.900955616
74 62 80137.000922019
52 63 27019257.170277
53 63 153233821.96931
57 63 5186590.0222867
58 63 -26707745.924764
59 63 -151467153.90602
61 63 -1.4103232128724E-25
63 63 11486992.520196
70 63 -311511.24551293
71 63 -1766668.063284
75 63 556906.23781155
52 64 -420437.32954295
53 64 -6.2426788043752E-09
54 64 9.9198681569397E-11
64 64 1895376.9541766
65 64 1.2152524249355E-08
66 64 -4.4719838539487E-10
67 64 4.1499420821718E-11
68 64 -2.5410227209112E-27
69 64 175888.48351433
76 64 -1474939.6246336
77 64 -5.9098454449797E-09
78 64 3.4799970382547E-10
79 64 9.1349922254186E-11
80 64 -5.5933847606828E-27
81 64 387171.65146633
52 65 -6.2426788043752E-09
53 65 -102374486.23497
54 65 -6.0739667870343E-27
64 65 1.2152524249355E-08
65 65 200367713.98596
66 65 2.7382099208683E-26
67 65 -2.5410227209112E-27
68 65 1.5558762846175E-43
69 65 -1.0769707723792E-11
76 65 -5.9098454449797E-09
77 65 -97993227.75099
78 65 -2.1308132421649E-26
79 65 -5.5933847606828E-27
80 65 3.4248472586527E-43
81 65 -2.3706643220279E-11
52 66 9.9198681569397E-11
53 66 -6.0739667870343E-27
54 66 -2040528.2470818
64 66 -4.4719838539487E-10
65 66 2.7382099208683E-26
66 66 9198922.0321361
67 66 -853647.84173071
68 66 5.226912854551E-11
69 66 -4.1499420821718E-11
76 66 3.4799970382547E-10
77 66 -2.1308132421649E-26
78 66 -7158393.7850544
79 66 -1879078.3685768
80 66 1.1505656547447E-10
81 66 -9.1349922254186E-11
52 67 4.9850501432468E-11
53 67 -3.0523620397716E-27
54 67 -1025430.5268461
55 67 -7.3692958043187E-32
56 67 -1.2035370846014E-15
64 67 4.1499420821718E-11
65 67 -2.5410227209112E-27
66 67 -853647.84173071
67 67 1172988.9748683
68 67 -7.1820132012239E-11
69 67 5.7023939741478E-11
76 67 -9.1349922254186E-11
77 67 5.5933847606828E-27
78 67 1879078.3685768
79 67 328838.71450094
80 67 -2.0136050988073E-11
81 67 1.5986236394483E-11
52 68 -3.0523620397716E-27
53 68 1.8689709740353E-43
54 68 6.2787436928955E-11
55 68 -1.2035370846014E-15
56 68 -19.655901357114
64 68 -2.5410227209112E-27
65 68 1.5558762846175E-43
66 68 5.226912854551E-11
67 68 -7.1820132012239E-11
68 68 38.470601085304
69 68 -3.4915939463699E-27
76 68 5.5933847606828E-27
77 68 -3.4248472586527E-43
78 68 -1.1505656547447E-10
79 68 -2.0136050988073E-11
80 68 -18.81469972819
81 68 -9.788423331195E-28
52 69 211283.167952
53 69 -1.2936935496487E-11
54 69 -4.9850501432468E-11
64 69 175888.48351433
65 69 -1.0769707723792E-11
66 69 -4.1499420821718E-11
67 69 5.7023939741478E-11
68 69 -3.4915939463699E-27
69 69 241686.60878978
76 69 -387171.65146633
77 69 2.3706643220279E-11
78 69 9.1349922254186E-11
79 69 1.5986236394483E-11
80 69 -9.788423331195E-28
81 69 67755.039006608
58 70 -74184772.203172
59 70 12401491.266014
63 70 -311511.24551293
70 70 148369544.40634
71 70 -24802982.532029
72 70 -2.1775473986081E-08
74 70 -3.2038627186023E-09
75 70 4.9476511776447E-09
82 70 -74184772.203171
83 70 12401491.266015
87 70 311511.24551293
58 71 12401491.266014
59 71 -6039137.7612949
63 71 -1766668.063284
70 71 -24802982.532029
71 71 12078275.52259
73 71 -1.7274814986102E-08
75 71 -5.1688402891159E-08
82 71 12401491.266015
83 71 -6039137.7612949
87 71 1766668.0632839
60 72 -571589.36292113
61 72 46219.390099503
62 72 262123.18678514
70 72 -2.1775473986081E-08
72 72 356775401.57219
73 72 -7.3487171903253E-10
74 72 7.654307410121E-09
84 72 -571589.36292111
85 72 -46219.390099504
86 72 -262123.18678513
60 73 -46219.390099503
61 73 2477.3484281304
62 73 14132.900955616
71 73 -1.1516543324068E-09
72 73 -7.3487171903253E-10
73 73 9994.720748381
74 73 56516.558363859
75 73 -1.4103232128724E-25
84 73 46219.390099504
85 73 2477.3484281305
86 73 14132.900955616
60 74 -262123.18678514
61 74 14132.900955616
62 74 80137.000922019
70 74 1.7087267832546E-10
72 74 7.654307410121E-09
73 74 56516.558363859
74 74 320550.65660836
84 74 262123.18678513
85 74 14132.900955616
86 74 80137.000922018
58 75 311511.24551293
59 75 1766668.063284
63 75 556906.23781155
70 75 4.9476511776447E-09
71 75 -5.1688402891159E-08
73 75 -1.4103232128724E-25
75 75 2227624.9512462
82 75 -311511.24551293
83 75 -1766668.0632839
87 75 556906.23781154
64 76 -1474939.6246336
65 76 -5.9098454449797E-09
66 76 3.4799970382547E-10
67 76 -9.1349922254186E-11
68 76 5.5933847606828E-27
69 76 -387171.65146633
76 76 2949879.2492673
77 76 1.181969088996E-08
78 76 -6.9599940765095E-10
79 76 1.4217166778255E-25
80 76 -9.327042578546E-42
81 76 6.4028427004814E-10
88 76 -1474939.6246336
89 76 -5.9098454449797E-09
90 76 3.4799970382547E-10
91 76 9.1349922254187E-11
92 76 -5.5933847606829E-27
93 76 387171.65146633
64 77 -5.9098454449797E-09
65 77 -97993227.75099
66 77 -2.1308132421649E-26
67 77 5.5933847606828E-27
68 77 -3.4248472586527E-43
69 77 2.3706643220279E-11
76 77 1.181969088996E-08
77 77 195986455.50198
78 77 4.2616264843298E-26
79 77 -9.327042578546E-42
80 77 5.1775487111805E-58
81 77 -3.8774091213423E-26
88 77 -5.9098454449797E-09
89 77 -97993227.75099
90 77 -2.1308132421649E-26
91 77 -5.5933847606829E-27
92 77 3.4248472586527E-43
93 77 -2.3706643220279E-11
64 78 3.4799970382547E-10
65 78 -2.1308132421649E-26
66 78 -7158393.7850544
67 78 1879078.3685768
68 78 -1.1505656547447E-10
69 78 9.1349922254186E-11
76 78 -6.9599940765095E-10
77 78 4.2616264843298E-26
78 78 14316787.570109
79 78 -3.0267983675003E-09
80 78 1.8094575899598E-25
81 78 -1.4217166778255E-25
88 78 3.4799970382547E-10
89 78 -2.1308132421649E-26
90 78 -7158393.7850544
91 78 -1879078.3685768
92 78 1.1505656547447E-10
93 78 -9.1349922254187E-11
64 79 9.1349922254186E-11
65 79 -5.5933847606828E-27
66 79 -1879078.3685768
67 79 328838.71450094
68 79 -2.0136050988073E-11
69 79 1.5986236394483E-11
76 79 1.4217166778255E-25
77 79 -9.327042578546E-42
78 79 -3.0267983675003E-09
79 79 1315354.8580037
80 79 -8.0537291772042E-11
81 79 6.3944945577931E-11
88 79 -9.1349922254187E-11
89 79 5.5933847606829E-27
90 79 1879078.3685768
91 79 328838.71450094
92 79 -2.0136050988073E-11
93 79 1.5986236394483E-11
64 80 -5.5933847606828E-27
65 80 3.4248472586527E-43
66 80 1.1505656547447E-10
67 80 -2.0136050988073E-11
68 80 -18.81469972819
69 80 -9.788423331195E-28
76 80 -9.327042578546E-42
77 80 5.9740946667467E-58
78 80 1.8094575899598E-25
79 80 -8.0537291772042E-11
80 80 37.62939945638
81 80 -3.915369332478E-27
88 80 5.5933847606829E-27
89 80 -3.4248472586527E-43
90 80 -1.1505656547447E-10
91 80 -2.0136050988073E-11
92 80 -18.81469972819
93 80 -9.788423331195E-28
64 81 387171.65146633
65 81 -2.3706643220279E-11
66 81 -9.1349922254186E-11
67 81 1.5986236394483E-11
68 81 -9.788423331195E-28
69 81 67755.039006608
76 81 6.4028427004814E-10
77 81 -3.8774091213423E-26
78 81 -1.4217166778255E-25
79 81 6.3944945577931E-11
80 81 -3.915369332478E-27
81 81 271020.15602643
88 81 -387171.65146633
89 81 2.3706643220279E-11
90 81 9.1349922254187E-11
91 81 1.5986236394483E-11
92 81 -9.788423331195E-28
93 81 67755.039006608
70 82 -74184772.203171
71 82 12401491.266015
75 82 -311511.24551293
82 82 148369544.40634
83 82 -24802982.532029
84 82 -2.1775473986081E-08
86 82 -3.2038627186023E-09
87 82 -6.5192580223084E-09
94 82 -74184772.203172
95 82 12401491.266014
99 82 311511.24551292
70 83 12401491.266015
71 83 -6039137.7612949
75 83 -1766668.0632839
82 83 -24802982.532029
83 83 12078275.52259
85 83 -1.7274814986102E-08
87 83 4.5867636799812E-08
94 83 12401491.266014
95 83 -6039137.7612949
99 83 1766668.063284
72 84 -571589.36292111
73 84 46219.390099504
74 84 262123.18678513
82 84 -2.1775473986081E-08
84 84 356775401.57219
85 84 9.677023626864E-10
86 84 -6.8102963268757E-09
96 84 -571589.36292113
97 84 -46219.390099503
98 84 -262123.18678514
72 85 -46219.390099504
73 85 2477.3484281305
74 85 14132.900955616
83 85 -1.1516543324068E-09
84 85 9.677023626864E-10
85 85 9994.720748381
86 85 56516.558363859
87 85 -1.4103232128724E-25
96 85 46219.390099503
97 85 2477.3484281303
98 85 14132.900955616
72 86 -262123.18678513
73 86 14132.900955616
74 86 80137.000922018
82 86 1.7087267832546E-10
84 86 -6.8102963268757E-09
85 86 56516.558363859
86 86 320550.65660836
96 86 262123.18678514
97 86 14132.900955616
98 86 80137.000922019
70 87 311511.24551293
71 87 1766668.0632839
75 87 556906.23781154
82 87 -6.5192580223084E-09
83 87 4.5867636799812E-08
85 87 -1.4103232128724E-25
87 87 2227624.9512462
94 87 -311511.24551292
95 87 -1766668.063284
99 87 556906.23781154
76 88 -1474939.6246336
77 88 -5.9098454449797E-09
78 88 3.4799970382547E-10
79 88 -9.1349922254187E-11
80 88 5.5933847606829E-27
81 88 -387171.65146633
88 88 2949879.2492673
89 88 1.181969088996E-08
90 88 -6.9599940765095E-10
91 88 -6.4623485355705E-26
92 88 5.0222536961401E-42
93 88 -3.492459654808E-10
100 88 -1474939.6246336
101 88 -5.9098454449797E-09
102 88 3.4799970382547E-10
103 88 9.1349922254187E-11
104 88 -5.5933847606829E-27
105 88 387171.65146633
76 89 -5.9098454449797E-09
77 89 -97993227.75099
78 89 -2.1308132421649E-26
79 89 5.5933847606829E-27
80 89 -3.4248472586527E-43
81 89 2.3706643220279E-11
88 89 1.181969088996E-08
89 89 195986455.50198
90 89 4.2616264843298E-26
91 89 5.0222536961401E-42
92 89 -2.3896378666987E-58
93 89 2.2618219874497E-26
100 89 -5.9098454449797E-09
101 89 -97993227.75099
102 89 -2.1308132421649E-26
103 89 -5.5933847606829E-27
104 89 3.4248472586527E-43
105 89 -2.3706643220279E-11
76 90 3.4799970382547E-10
77 90 -2.1308132421649E-26
78 90 -7158393.7850544
79 90 1879078.3685768
80 90 -1.1505656547447E-10
81 90 9.1349922254187E-11
88 90 -6.9599940765095E-10
89 90 4.2616264843298E-26
90 90 14316787.570109
91 90 1.3969838619232E-09
92 90 -9.0472879497987E-26
93 90 6.4623485355705E-26
100 90 3.4799970382547E-10
101 90 -2.1308132421649E-26
102 90 -7158393.7850544
103 90 -1879078.3685768
104 90 1.1505656547447E-10
105 90 -9.1349922254187E-11
76 91 9.1349922254187E-11
77 91 -5.5933847606829E-27
78 91 -1879078.3685768
79 91 328838.71450094
80 91 -2.0136050988073E-11
81 91 1.5986236394483E-11
88 91 -6.4623485355705E-26
89 91 5.0222536961401E-42
90 91 1.3969838619232E-09
91 91 1315354.8580037
92 91 -8.0537291772042E-11
93 91 6.3944945577931E-11
100 91 -9.1349922254187E-11
101 91 5.5933847606829E-27
102 91 1879078.3685768
103 91 328838.71450094
104 91 -2.0136050988073E-11
105 91 1.5986236394483E-11
76 92 -5.5933847606829E-27
77 92 3.4248472586527E-43
78 92 1.1505656547447E-10
79 92 -2.0136050988073E-11
80 92 -18.81469972819
81 92 -9.788423331195E-28
88 92 5.0222536961401E-42
89 92 -2.3896378666987E-58
90 92 -9.0472879497987E-26
91 92 -8.0537291772042E-11
92 92 37.62939945638
93 92 -3.915369332478E-27
100 92 5.5933847606829E-27
101 92 -3.4248472586527E-43
102 92 -1.1505656547447E-10
103 92 -2.0136050988073E-11
104 92 -18.81469972819
105 92 -9.788423331195E-28
76 93 387171.65146633
77 93 -2.3706643220279E-11
78 93 -9.1349922254187E-11
79 93 1.5986236394483E-11
80 93 -9.788423331195E-28
81 93 67755.039006608
88 93 -3.492459654808E-10
89 93 2.2618219874497E-26
90 93 6.4623485355705E-26
91 93 6.3944945577931E-11
92 93 -3.915369332478E-27
93 93 271020.15602643
100 93 -387171.65146633
101 93 2.3706643220279E-11
102 93 9.1349922254187E-11
103 93 1.5986236394483E-11
104 93 -9.788423331195E-28
105 93 67755.039006608
82 94 -74184772.203172
83 94 12401491.266014
87 94 -311511.24551292
94 94 95690555.256385
95 94 -12401491.266014
96 94 -2.1775473986081E-08
98 94 -3.2038627186023E-09
99 94 5333756.8059557
106 94 -21505783.053214
107 94 -6.9786127328195E-09
111 94 5645268.0514686
82 95 12401491.266014
83 95 -6039137.7612949
87 95 -1766668.063284
94 95 -12401491.266014
95 95 141518079.798
97 95 -1.7274814986102E-08
99 95 -1766668.063284
106 95 -6.9786127328195E-09
107 95 -135478942.0367
111 95 -3.4566155624295E-10
84 96 -571589.36292113
85 96 46219.390099503
86 96 262123.18678514
94 96 -2.1775473986081E-08
96 96 359394657.4537
97 96 -791377.48656369
98 96 262123.18678514
108 96 -3190845.2444312
109 96 -837596.8766632
110 96 5.1286322855177E-11
84 97 -46219.390099503
85 97 2477.3484281303
86 97 14132.900955616
95 97 -1.1516543324068E-09
96 97 -791377.48656369
97 97 298156.26720631
98 97 28258.279181929
99 97 -1.4103232128724E-25
108 97 837596.8766632
109 97 146579.45341606
110 97 -8.9766992200389E-12
84 98 -262123.18678514
85 98 14132.900955616
86 98 80137.000922019
94 98 1.7087267832546E-10
96 98 262123.18678514
97 98 28258.279181929
98 98 160301.34026105
108 98 -5.1286322855177E-11
109 98 -8.9766992200389E-12
110 98 -26.011956871047
82 99 311511.24551292
83 99 1766668.063284
87 99 556906.23781154
94 99 5333756.8059557
95 99 -1766668.063284
97 99 -1.4103232128724E-25
99 99 3089656.2936371
106 99 -5645268.0514686
107 99 3.4566155624295E-10
111 99 987921.909007
88 100 -1474939.6246336
89 100 -5.9098454449797E-09
90 100 3.4799970382547E-10
91 100 -9.1349922254187E-11
92 100 5.5933847606829E-27
93 100 -387171.65146633
100 100 2949879.2492673
101 100 1.181969088996E-08
102 100 -6.9599940765095E-10
103 100 -7.7548182426846E-26
104 100 4.3047888824058E-42
105 100 -2.9103830456734E-10
112 100 -1474939.6246336
113 100 -5.9098454449797E-09
114 100 3.4799970382547E-10
115 100 9.1349922254186E-11
116 100 -5.5933847606828E-27
117 100 387171.65146633
88 101 -5.9098454449797E-09
89 101 -97993227.75099
90 101 -2.1308132421649E-26
91 101 5.5933847606829E-27
92 101 -3.4248472586527E-43
93 101 2.3706643220279E-11
100 101 1.181969088996E-08
101 101 195986455.50198
102 101 4.2616264843298E-26
103 101 4.3047888824058E-42
104 101 -2.7879108444818E-58
105 101 1.6155871338926E-26
112 101 -5.9098454449797E-09
113 101 -97993227.75099
114 101 -2.1308132421649E-26
115 101 -5.5933847606828E-27
116 101 3.4248472586527E-43
117 101 -2.3706643220279E-11
88 102 3.4799970382547E-10
89 102 -2.1308132421649E-26
90 102 -7158393.7850544
91 102 1879078.3685768
92 102 -1.1505656547447E-10
93 102 9.1349922254187E-11
100 102 -6.9599940765095E-10
101 102 4.2616264843298E-26
102 102 14316787.570109
103 102 1.6298145055771E-09
104 102 -9.0472879497987E-26
105 102 7.7548182426846E-26
112 102 3.4799970382547E-10
113 102 -2.1308132421649E-26
114 102 -7158393.7850544
115 102 -1879078.3685768
116 102 1.1505656547447E-10
117 102 -9.1349922254186E-11
88 103 9.1349922254187E-11
89 103 -5.5933847606829E-27
90 103 -1879078.3685768
91 103 328838.71450094
92 103 -2.0136050988073E-11
93 103 1.5986236394483E-11
100 103 -7.7548182426846E-26
101 103 4.3047888824058E-42
102 103 1.6298145055771E-09
103 103 1315354.8580037
104 103 -8.0537291772042E-11
105 103 6.3944945577931E-11
112 103 -9.1349922254186E-11
113 103 5.5933847606828E-27
114 103 1879078.3685768
115 103 328838.71450094
116 103 -2.0136050988073E-11
117 103 1.5986236394483E-11
88 104 -5.5933847606829E-27
89 104 3.4248472586527E-43
90 104 1.1505656547447E-10
91 104 -2.0136050988073E-11
92 104 -18.81469972819
93 104 -9.788423331195E-28
100 104 4.3047888824058E-42
101 104 -3.584456800048E-58
102 104 -9.0472879497987E-26
103 104 -8.0537291772042E-11
104 104 37.62939945638
105 104 -3.915369332478E-27
112 104 5.5933847606828E-27
113 104 -3.4248472586527E-43
114 104 -1.1505656547447E-10
115 104 -2.0136050988073E-11
116 104 -18.81469972819
117 104 -9.788423331195E-28
88 105 387171.65146633
89 105 -2.3706643220279E-11
90 105 -9.1349922254187E-11
91 105 1.5986236394483E-11
92 105 -9.788423331195E-28
93 105 67755.039006608
100 105 -2.9103830456734E-10
101 105 1.6155871338926E-26
102 105 7.7548182426846E-26
103 105 6.3944945577931E-11
104 105 -3.915369332478E-27
105 105 271020.15602643
112 105 -387171.65146633
113 105 2.3706643220279E-11
114 105 9.1349922254186E-11
115 105 1.5986236394483E-11
116 105 -9.788423331195E-28
117 105 67755.039006608
94 106 -21505783.053214
95 106 -6.9786127328195E-09
99 106 -5645268.0514686
106 106 43011566.106427
107 106 1.3957225465639E-08
111 106 0
118 106 -21505783.053214
119 106 -6.9786127328195E-09
123 106 5645268.0514686
94 107 -6.9786127328195E-09
95 107 -135478942.0367
99 107 3.4566155624295E-10
106 107 1.3957225465639E-08
107 107 270957884.07341
111 107 0
118 107 -6.9786127328195E-09
119 107 -135478942.0367
123 107 -3.4566155624295E-10
96 108 -3190845.2444312
97 108 837596.8766632
98 108 -5.1286322855177E-11
108 108 6381690.4888625
109 108 0
110 108 0
120 108 -3190845.2444312
121 108 -837596.8766632
122 108 5.1286322855177E-11
96 109 -837596.8766632
97 109 146579.45341606
98 109 -8.9766992200389E-12
108 109 0
109 109 586317.81366424
110 109 -3.5897240557858E-11
120 109 837596.8766632
121 109 146579.45341606
122 109 -8.9766992200389E-12
96 110 5.1286322855177E-11
97 110 -8.9766992200389E-12
98 110 -26.011956871047
108 110 0
109 110 -3.5897240557858E-11
110 110 52.023913742094
120 110 -5.1286322855177E-11
121 110 -8.9766992200389E-12
122 110 -26.011956871047
94 111 5645268.0514686
95 111 -3.4566155624295E-10
99 111 987921.909007
106 111 0
107 111 0
111 111 3951687.636028
118 111 -5645268.0514686
119 111 3.4566155624295E-10
123 111 987921.909007
100 112 -1474939.6246336
101 112 -5.9098454449797E-09
102 112 3.4799970382547E-10
103 112 -9.1349922254186E-11
104 112 5.5933847606828E-27
105 112 -387171.65146633
112 112 28153486.233485
113 112 2.0026720285857E-08
114 112 -6.642580284153E-09
115 112 5.3810813577857E-10
116 112 -3.2948532105897E-26
117 112 2280683.0094189
124 112 6.2945805803275E-10
125 112 -3.854191686658E-26
126 112 2667854.6608852
100 113 -5.9098454449797E-09
101 113 -97993227.75099
102 113 -2.1308132421649E-26
103 113 5.5933847606828E-27
104 113 -3.4248472586527E-43
105 113 2.3706643220279E-11
112 113 2.0026720285857E-08
113 113 355225450.59734
114 113 4.0672730108745E-25
115 113 -3.2948532105897E-26
116 113 2.0174490883001E-42
117 113 -1.3964694521945E-10
124 113 -3.854191686658E-26
125 113 2.3599338141654E-42
126 113 -1.6335358843973E-10
100 114 3.4799970382547E-10
101 114 -2.1308132421649E-26
102 114 -7158393.7850544
103 114 1879078.3685768
104 114 -1.1505656547447E-10
105 114 9.1349922254186E-11
112 114 -6.642580284153E-09
113 114 4.0672730108745E-25
114 114 136638637.6198
115 114 -11068946.014898
116 114 6.7775508099802E-10
117 114 -5.3810813577857E-10
124 114 -12948024.383474
125 114 7.9281164647249E-10
126 114 -6.2945805803275E-10
100 115 9.1349922254186E-11
101 115 -5.5933847606828E-27
102 115 -1879078.3685768
103 115 328838.71450094
104 115 -2.0136050988073E-11
105 115 1.5986236394483E-11
112 115 5.3810813577857E-10
113 115 -3.2948532105897E-26
114 115 -11068946.014898
115 115 2384080.6801318
116 115 -1.4597384133683E-10
117 115 1.1590021386E-10
124 115 863201.62556495
125 115 -5.2857133843692E-11
126 115 4.1963870535517E-11
100 116 -5.5933847606828E-27
101 116 3.4248472586527E-43
102 116 1.1505656547447E-10
103 116 -2.0136050988073E-11
104 116 -18.81469972819
105 116 -9.788423331195E-28
112 116 -3.2948532105897E-26
113 116 2.0174490883001E-42
114 116 6.7775508099802E-10
115 116 -1.4597384133683E-10
116 116 68.203286514689
117 116 -7.0966069151164E-27
124 116 -5.2857133843692E-11
125 116 -49.388586786499
126 116 -2.5694611244387E-27
100 117 387171.65146633
101 117 -2.3706643220279E-11
102 117 -9.1349922254186E-11
103 117 1.5986236394483E-11
104 117 -9.788423331195E-28
105 117 67755.039006608
112 117 2280683.0094189
113 117 -1.3964694521945E-10
114 117 -5.3810813577857E-10
115 117 1.1590021386E-10
116 117 -7.0966069151164E-27
117 117 491224.03279791
124 117 4.1963870535517E-11
125 117 -2.5694611244387E-27
126 117 177856.97739235
106 118 -21505783.053214
107 118 -6.9786127328195E-09
111 118 -5645268.0514686
118 118 43011566.106427
119 118 1.3957225465639E-08
120 118 -2.1775473986081E-08
122 118 -3.2038627186023E-09
123 118 0
127 118 -21505783.053214
128 118 -6.9786127328195E-09
132 118 5645268.0514686
106 119 -6.9786127328195E-09
107 119 -135478942.0367
111 119 3.4566155624295E-10
118 119 1.3957225465639E-08
119 119 270957884.07341
121 119 -1.7274814986102E-08
123 119 -1.0577424096543E-24
127 119 -6.9786127328195E-09
128 119 -135478942.0367
132 119 -3.4566155624295E-10
108 120 -3190845.2444312
109 120 837596.8766632
110 120 -5.1286322855177E-11
118 120 -2.1775473986081E-08
120 120 362013913.33521
121 120 0
122 120 -1.9617353209875E-25
129 120 -3190845.2444312
130 120 -837596.8766632
131 120 5.1286322855177E-11
108 121 -837596.8766632
109 121 146579.45341606
110 121 -8.9766992200389E-12
119 121 -1.1516543324068E-09
120 121 0
121 121 586317.81366424
122 121 -3.5897240557858E-11
123 121 -1.4103232128724E-25
129 121 837596.8766632
130 121 146579.45341606
131 121 -8.9766992200389E-12
108 122 5.1286322855177E-11
109 122 -8.9766992200389E-12
110 122 -26.011956871047
118 122 1.7087267832546E-10
120 122 1.04625883786E-26
121 122 -3.5897240557858E-11
122 122 52.023913742415
129 122 -5.1286322855177E-11
130 122 -8.9766992200389E-12
131 122 -26.011956871047
106 123 5645268.0514686
107 123 -3.4566155624295E-10
111 123 987921.909007
118 123 0
119 123 -7.0516160643621E-26
121 123 -1.4103232128724E-25
123 123 3951687.636028
127 123 -5645268.0514686
128 123 3.4566155624295E-10
132 123 987921.909007
28 124 1.4880082885172E-30
29 124 2.4770992422757E-31
30 124 -8.9246905795782E-15
112 124 6.2945805803275E-10
113 124 -3.854191686658E-26
114 124 -12948024.383474
115 124 863201.62556495
116 124 -5.2857133843692E-11
117 124 4.1963870535517E-11
124 124 1726403.2511299
125 124 -1.0570519545081E-10
126 124 8.3927741071034E-11
28 125 1.8406775363815E-30
29 125 3.0694490610808E-31
30 125 -1.1058855718173E-14
112 125 -3.854191686658E-26
113 125 2.3599338141654E-42
114 125 7.9281164647249E-10
115 125 -5.2857133843692E-11
116 125 -49.388586786499
117 125 -2.5694611244387E-27
124 125 -1.0570519545081E-10
125 125 49.388586786499
126 125 -5.1389222488774E-27
28 126 2.0816681711722E-17
29 126 -6.1836127910016E-48
30 126 2.2240294410199E-31
112 126 2667854.6608852
113 126 -1.6335358843973E-10
114 126 -6.2945805803275E-10
115 126 4.1963870535517E-11
116 126 -2.5694611244387E-27
117 126 177856.97739235
124 126 8.3927741071034E-11
125 126 -5.1389222488774E-27
126 126 355713.95478469
118 127 -21505783.053214
119 127 -6.9786127328195E-09
123 127 -5645268.0514686
127 127 43011566.106427
128 127 1.3957225465639E-08
132 127 -4.6566128730774E-09
133 127 -21505783.053214
134 127 -6.9786127328195E-09
138 127 5645268.0514686
118 128 -6.9786127328195E-09
119 128 -135478942.0367
123 128 3.4566155624295E-10
127 128 1.3957225465639E-08
128 128 270957884.07341
132 128 2.5849394142282E-25
133 128 -6.9786127328195E-09
134 128 -135478942.0367
138 128 -3.4566155624295E-10
120 129 -3190845.2444312
121 129 837596.8766632
122 129 -5.1286322855177E-11
129 129 6381690.4888625
130 129 6.9849193096161E-10
131 129 -3.8774091213423E-26
135 129 -3190845.2444312
136 129 -837596.8766632
137 129 5.1286322855176E-11
120 130 -837596.8766632
121 130 146579.45341606
122 130 -8.9766992200389E-12
129 130 6.9849193096161E-10
130 130 586317.81366424
131 130 -3.5897240557858E-11
135 130 837596.8766632
136 130 146579.45341606
137 130 -8.9766992200389E-12
120 131 5.1286322855177E-11
121 131 -8.9766992200389E-12
122 131 -26.011956871047
129 131 -3.8774091213423E-26
130 131 -3.5897240557858E-11
131 131 52.023913742094
135 131 -5.1286322855176E-11
136 131 -8.9766992200389E-12
137 131 -26.011956871047
118 132 5645268.0514686
119 132 -3.4566155624295E-10
123 132 987921.909007
127 132 -4.6566128730774E-09
128 132 2.5849394142282E-25
132 132 3951687.636028
133 132 -5645268.0514686
134 132 3.4566155624295E-10
138 132 987921.909007
127 133 -21505783.053214
