%%MatrixMarket matrix coordinate real general
141 141 1325
1 1 14.199561945108
2 1 -8.694436889737E-16
6 1 -53.248357294156
7 1 -3.5498904862771
8 1 2.1736092224342E-16
1 2 -8.694436889737E-16
2 2 5.3236313290398E-32
6 2 3.2604138336514E-15
7 2 2.1736092224342E-16
8 2 -1.3309078322599E-32
3 3 14.199561945108
4 3 53.248357294156
5 3 -3.2604138336514E-15
9 3 -3.5498904862771
3 4 53.248357294156
4 4 4162.4276279305
5 4 -4.2477794337412E-14
9 4 10.919086469357
10 4 -967.5261902811
11 4 9.8736560008983E-15
15 4 -42.329270824798
3 5 -3.2604138336514E-15
4 5 -4.2477794337412E-14
5 5 3468.689689942
9 5 -6.6857913341555E-16
10 5 9.8736560008983E-15
11 5 -806.27182523425
15 5 2.5918347002358E-15
1 6 -53.248357294156
2 6 3.2604138336514E-15
6 6 4162.4276279305
7 6 -10.919086469357
8 6 6.6857913341555E-16
12 6 -967.5261902811
13 6 42.329270824798
14 6 -2.5918347002358E-15
1 7 -3.5498904862771
2 7 2.1736092224342E-16
6 7 -10.919086469357
7 7 43.830051522467
8 7 -2.6837279791388E-15
12 7 -42.329270824798
13 7 -7.4076223943397
14 7 4.5357107254127E-16
1 8 2.1736092224342E-16
2 8 -1.3309078322599E-32
6 8 6.6857913341555E-16
7 8 -2.6837279791388E-15
8 8 1.6432551675921E-31
12 8 2.5918347002358E-15
13 8 4.5357107254127E-16
14 8 -2.7772300867203E-32
3 9 -3.5498904862771
4 9 10.919086469357
5 9 -6.6857913341555E-16
9 9 43.830051522467
10 9 42.329270824798
11 9 -2.5918347002358E-15
15 9 -7.4076223943397
4 10 -967.5261902811
5 10 9.8736560008983E-15
9 10 42.329270824798
10 10 1902.3976608489
11 10 -1.9414068858103E-14
15 10 1.4286439874572
16 10 -934.8714705678
17 10 9.5404128572049E-15
21 10 -40.900626837341
4 11 9.8736560008983E-15
5 11 -806.27182523425
9 11 -2.5918347002358E-15
10 11 -1.9414068858103E-14
11 11 1585.3313840408
15 11 -8.7476325219512E-17
16 11 9.5404128572049E-15
17 11 -779.0595588065
21 11 2.5043583750163E-15
6 12 -967.5261902811
7 12 -42.329270824798
8 12 2.5918347002358E-15
12 12 1902.3976608489
13 12 -1.4286439874572
14 12 8.7476325219512E-17
18 12 -934.8714705678
19 12 40.900626837341
20 12 -2.5043583750163E-15
6 13 42.329270824798
7 13 -7.4076223943397
8 13 4.5357107254127E-16
12 13 -1.4286439874572
13 13 58.260928363498
14 13 -3.5673351526765E-15
18 13 -40.900626837341
19 13 -7.1576096965347
20 13 4.3826271562785E-16
6 14 -2.5918347002358E-15
7 14 4.5357107254127E-16
8 14 -2.7772300867203E-32
12 14 8.7476325219512E-17
13 14 -3.5673351526765E-15
14 14 2.1842906470908E-31
18 14 2.5043583750163E-15
19 14 4.3826271562785E-16
20 14 -2.6834965310066E-32
4 15 -42.329270824798
5 15 2.5918347002358E-15
9 15 -7.4076223943397
10 15 1.4286439874572
11 15 -8.7476325219512E-17
15 15 58.260928363498
16 15 40.900626837341
17 15 -2.5043583750163E-15
21 15 -7.1576096965347
10 16 -934.8714705678
11 16 9.5404128572049E-15
15 16 40.900626837341
16 16 1532.6400559161
17 16 -1.5640672921646E-14
21 16 14.748251228352
22 16 -597.76858534832
23 16 6.1002600644414E-15
27 16 -26.152375608989
10 17 9.5404128572049E-15
11 17 -779.0595588065
15 17 -2.5043583750163E-15
16 17 -1.5640672921646E-14
17 17 1277.2000465968
21 17 -9.0304010810044E-16
22 17 6.1002600644414E-15
23 17 -498.14048779026
27 17 1.6013182669159E-15
12 18 -934.8714705678
13 18 -40.900626837341
14 18 2.5043583750163E-15
18 18 1532.6400559161
19 18 -14.748251228352
20 18 9.0304010810044E-16
24 18 -597.76858534832
25 18 26.152375608989
26 18 -1.6013182669159E-15
12 19 40.900626837341
13 19 -7.1576096965347
14 19 4.3826271562785E-16
18 19 -14.748251228352
19 19 46.937101712431
20 19 -2.8739736493525E-15
24 19 -26.152375608989
25 19 -4.5766657315731
26 19 2.8023069671028E-16
12 20 -2.5043583750163E-15
13 20 4.3826271562785E-16
14 20 -2.6834965310066E-32
18 20 9.0304010810044E-16
19 20 -2.8739736493525E-15
20 20 1.7597431958576E-31
24 20 1.6013182669159E-15
25 20 2.8023069671028E-16
26 20 -1.7158614586374E-32
10 21 -40.900626837341
11 21 2.5043583750163E-15
15 21 -7.1576096965347
16 21 14.748251228352
17 21 -9.0304010810044E-16
21 21 46.937101712431
22 21 26.152375608989
23 21 -1.6013182669159E-15
27 21 -4.5766657315731
16 22 -597.76858534832
17 22 6.1002600644414E-15
21 22 26.152375608989
22 22 1162.8824509833
23 22 -1.1867276985189E-14
27 22 1.4286439874571
28 22 -565.11386563501
29 22 5.767016920748E-15
33 22 -24.723731621532
16 23 6.1002600644414E-15
17 23 -498.14048779026
21 23 -1.6013182669159E-15
22 23 -1.1867276985189E-14
23 23 969.06870915277
27 23 -8.7476325219508E-17
28 23 5.767016920748E-15
29 23 -470.92822136251
33 23 1.5138419416964E-15
18 24 -597.76858534832
19 24 -26.152375608989
20 24 1.6013182669159E-15
24 24 1162.8824509833
25 24 -1.4286439874571
26 24 8.7476325219508E-17
30 24 -565.11386563501
31 24 24.723731621532
32 24 -1.5138419416964E-15
18 25 26.152375608989
19 25 -4.5766657315731
20 25 2.8023069671028E-16
24 25 -1.4286439874571
25 25 35.613275061364
26 25 -2.1806121460285E-15
30 25 -24.723731621532
31 25 -4.3266530337681
32 25 2.6492233979686E-16
18 26 -1.6013182669159E-15
19 26 2.8023069671028E-16
20 26 -1.7158614586374E-32
24 26 8.7476325219508E-17
25 26 -2.1806121460285E-15
26 26 1.3351957446244E-31
30 26 1.5138419416964E-15
31 26 2.6492233979686E-16
32 26 -1.6221279029236E-32
16 27 -26.152375608989
17 27 1.6013182669159E-15
21 27 -4.5766657315731
22 27 1.4286439874571
23 27 -8.7476325219508E-17
27 27 35.613275061364
28 27 24.723731621532
29 27 -1.5138419416964E-15
33 27 -4.3266530337681
22 28 -565.11386563501
23 28 5.767016920748E-15
27 28 24.723731621532
28 28 660.28958191195
29 28 -3.2291642631995
30 28 3.0814879110196E-33
33 28 23.196838914462
34 28 -94.983835600665
35 28 3.2291642631995
39 28 -1.5268927070695
22 29 5.767016920748E-15
23 29 -470.92822136251
27 29 -1.5138419416964E-15
28 29 -3.2291642631995
29 29 583.84804943315
30 29 -1.1555579666323E-33
33 29 8.6594388501104
34 29 3.2291642631995
35 29 -112.72794739437
39 29 8.6594388501104
24 30 -565.11386563501
25 30 -24.723731621532
26 30 1.5138419416964E-15
28 30 2.3111159332647E-33
29 30 -1.5407439555098E-33
30 30 678.60308249039
31 30 -23.196838914462
32 30 -8.6594388501104
36 30 -113.29733617911
37 30 1.5268927070695
38 30 -8.6594388501104
24 31 24.723731621532
25 31 -4.3266530337681
26 31 2.6492233979686E-16
30 31 -23.196838914462
31 31 17.635855722613
32 31 -1.8672331722463
36 31 -1.5268927070695
37 31 -0.082310896885217
38 31 0.46680829306157
24 32 -1.5138419416964E-15
25 32 2.6492233979686E-16
26 32 -1.6221279029236E-32
30 32 -8.6594388501104
31 32 -1.8672331722463
32 32 10.589605542748
36 32 8.6594388501104
37 32 0.46680829306157
38 32 -2.6474013856869
22 33 -24.723731621532
23 33 1.5138419416964E-15
27 33 -4.3266530337681
28 33 23.196838914462
29 33 8.6594388501104
33 33 28.225461265361
34 33 1.5268927070695
35 33 -8.6594388501104
39 33 -2.7297122825721
28 34 -94.983835600665
29 34 3.2291642631995
33 34 1.5268927070695
34 34 172.88012937255
35 34 -5.8774035819547
39 34 0.27468719109009
40 34 -77.89629377188
41 34 2.6482393187552
45 34 -1.2522055159794
28 35 3.2291642631995
29 35 -112.72794739437
33 35 -8.6594388501104
34 35 -5.8774035819547
35 35 205.17619662543
39 35 -1.5578284729114
40 35 2.6482393187552
41 35 -92.448249231063
45 35 7.1016103771989
30 36 -113.29733617911
31 36 -1.5268927070695
32 36 8.6594388501104
36 36 206.21254145344
37 36 -0.27468719109009
38 36 1.5578284729114
42 36 -92.915205274333
43 36 1.2522055159794
44 36 -7.1016103771989
30 37 1.5268927070695
31 37 -0.082310896885217
32 37 0.46680829306157
36 37 -0.27468719109009
37 37 0.59925642767737
38 37 -3.3985520835757
42 37 -1.2522055159794
43 37 -0.067503210034126
44 37 0.38282972783236
30 38 -8.6594388501104
31 38 0.46680829306157
32 38 -2.6474013856869
36 38 1.5578284729114
37 38 -3.3985520835757
38 38 19.274146644607
42 38 7.1016103771989
43 38 0.38282972783236
44 38 -2.1711352754648
28 39 -1.5268927070695
29 39 8.6594388501104
33 39 -2.7297122825721
34 39 0.27468719109009
35 39 -1.5578284729114
39 39 19.873403072284
40 39 1.2522055159794
41 39 -7.1016103771989
45 39 -2.238638485499
34 40 -77.89629377188
35 40 2.6482393187552
39 40 1.2522055159794
40 40 137.79122866124
41 40 -4.6844866661936
45 40 0.28937706527905
46 40 -59.89493488936
47 40 2.0362473474384
51 40 -0.96282845070038
34 41 2.6482393187552
35 41 -92.448249231063
39 41 -7.1016103771989
40 41 -4.6844866661936
41 41 163.53227133545
45 41 -1.6411388893311
46 41 2.0362473474384
47 41 -71.084022104383
51 41 5.4604714878678
36 42 -92.915205274333
37 42 -1.2522055159794
38 42 7.1016103771989
42 42 164.35827272547
43 42 -0.28937706527905
44 42 1.6411388893311
48 42 -71.443067451133
49 42 0.96282845070038
50 42 -5.4604714878678
36 43 1.2522055159794
37 43 -0.067503210034126
38 43 0.38282972783236
42 43 -0.28937706527905
43 43 0.47762735805729
44 43 -2.7087593523024
48 43 -0.96282845070038
49 43 -0.051903629480198
50 43 0.29436011024322
36 44 -7.1016103771989
37 44 0.38282972783236
38 44 -2.1711352754648
42 44 1.6411388893311
43 44 -2.7087593523024
44 44 15.362137668432
48 44 5.4604714878678
49 44 0.29436011024322
50 44 -1.6693991416431
34 45 -1.2522055159794
35 45 7.1016103771989
39 45 -2.238638485499
40 45 0.28937706527905
41 45 -1.6411388893311
45 45 15.839765026489
46 45 0.96282845070038
47 45 -5.4604714878678
51 45 -1.7213027711233
40 46 -59.89493488936
41 46 2.0362473474384
45 46 0.96282845070038
46 46 509.1838868305
47 46 -17.310718190655
51 46 0.1873232418666
52 46 -449.28895194114
53 46 15.274470843217
57 46 -0.77550520883377
40 47 2.0362473474384
41 47 -71.084022104383
45 47 -5.4604714878678
46 47 -17.310718190655
47 47 604.3055015172
51 47 -1.0623628959918
52 47 15.274470843217
53 47 -533.22147941281
57 47 4.3981085918761
42 48 -71.443067451133
43 48 -0.96282845070038
44 48 5.4604714878678
48 48 607.35784818965
49 48 -0.1873232418666
50 48 1.0623628959918
54 48 -535.91478073852
55 48 0.77550520883377
56 48 -4.3981085918761
42 49 0.96282845070038
43 49 -0.051903629480198
44 49 0.29436011024322
48 49 -0.1873232418666
49 49 0.22556986009216
50 49 -1.2792702465943
54 49 -0.77550520883377
55 49 -0.0044888355428417
56 49 0.025457451405362
42 50 -5.4604714878678
43 50 0.29436011024322
44 50 -1.6693991416431
48 50 1.0623628959918
49 50 -1.2792702465943
50 50 7.2551020918883
54 50 4.3981085918761
55 50 0.025457451405362
56 50 -0.14437638132897
40 51 -0.96282845070038
41 51 5.4604714878678
45 51 -1.7213027711233
46 51 0.1873232418666
47 51 -1.0623628959918
51 51 7.4806719519804
52 51 0.77550520883377
53 51 -4.3981085918761
57 51 -0.14886521687181
46 52 -449.28895194114
47 52 15.274470843217
51 52 0.77550520883377
52 52 1791.7192058116
53 52 -0.019189535505705
54 52 1.2621774483536E-29
57 52 1.5500361394164
58 52 -448.7245038248
59 52 -15.255281307711
63 52 0.77453093058267
64 52 -893.70575004565
65 52 2.6058041427464E-15
66 52 -1.2621774483536E-29
69 52 21.386459245711
46 53 15.274470843217
47 53 -533.22147941281
51 53 -4.3981085918761
52 53 -0.019189535505719
53 53 1916.9213984551
57 53 -0.0055254065327217
58 53 -15.255281307711
59 53 -532.55158566549
63 53 4.3925831853434
64 53 2.6058041427464E-15
65 53 -851.14833337681
69 53 -1.3094996939031E-15
48 54 -535.91478073852
49 54 -0.77550520883377
50 54 4.3981085918761
52 54 -6.3108872417681E-30
53 54 -7.0064923216241E-46
54 54 1964.8620341425
55 54 -1.5500361394164
56 54 0.0055254065327217
60 54 -535.24150335834
61 54 -0.77453093058267
62 54 -4.3925831853434
64 54 6.3108872417681E-30
65 54 7.0064923216241E-46
66 54 -893.70575004565
67 54 -21.386459245711
68 54 1.3094996939031E-15
48 55 0.77550520883377
49 55 -0.0044888355428417
50 55 0.025457451405362
52 55 -1.577721810442E-30
53 55 8.7581154020301E-47
54 55 41.222882352006
55 55 0.035888126790354
56 55 -0.00012793023670352
60 55 0.77453093058267
61 55 -0.0044831961547468
62 55 -0.025425468846186
64 55 1.577721810442E-30
65 55 -8.7581154020301E-47
66 55 -42.772918491422
67 55 -21.494755784993
68 55 1.3161307254081E-15
48 56 -4.3981085918761
49 56 0.025457451405362
50 56 -0.14437638132897
52 56 1.0947644252538E-46
53 56 -4.861730685829E-63
54 56 0.0055254065327191
55 56 -0.00012793023670352
56 56 1.1542855222062
60 56 4.3925831853434
61 56 -0.025425468846186
62 56 -0.14419499922257
64 56 -1.0947644252538E-46
65 56 4.861730685829E-63
66 56 2.6189993878061E-15
67 56 1.3161307254081E-15
68 56 -8.0587102439783E-32
46 57 -0.77550520883377
47 57 4.3981085918761
51 57 -0.14886521687181
52 57 -41.222882352006
53 57 -0.0055254065327191
54 57 1.577721810442E-30
57 57 1.1901736489965
58 57 -0.77453093058267
59 57 -4.3925831853434
63 57 -0.14867819537732
64 57 42.772918491422
65 57 -2.6189993878061E-15
66 57 -1.577721810442E-30
68 57 1.0947644252538E-47
69 57 -21.494755784993
52 58 -448.7245038248
53 58 -15.255281307711
57 58 -0.77453093058267
58 58 508.5588106652
59 58 17.289467484132
63 58 0.18732290664574
70 58 -59.834306840403
71 58 -2.0341861764213
75 58 0.96185383722841
52 59 -15.255281307711
53 59 -532.55158566549
57 59 -4.3925831853434
58 59 17.289467484132
59 59 603.56365367926
63 59 1.0623609948598
70 59 -2.0341861764213
71 59 -71.012068013772
75 59 5.4549441802031
54 60 -535.24150335834
55 60 0.77453093058267
56 60 4.3925831853434
60 60 606.6122532788
61 60 -0.18732290664574
62 60 -1.0623609948598
72 60 -71.370749920459
73 60 -0.96185383722841
74 60 -5.4549441802031
54 61 -0.77453093058267
55 61 -0.0044831961547468
56 61 -0.025425468846186
60 61 -0.18732290664574
61 61 0.22533714681994
62 61 1.2779504640444
72 61 0.96185383722841
73 61 -0.051851090550237
74 61 -0.29406214716492
54 62 -4.3925831853434
55 62 -0.025425468846186
56 62 -0.14419499922257
60 62 -1.0623609948598
61 62 1.2779504640444
62 62 7.247617233107
72 62 5.4549441802031
73 62 -0.29406214716492
74 62 -1.6677093090542
52 63 0.77453093058267
53 63 4.3925831853434
57 63 -0.14867819537732
58 63 0.18732290664574
59 63 1.0623609948598
63 63 7.4729543799269
70 63 -0.96185383722841
71 63 -5.4549441802031
75 63 -1.7195603996044
52 64 -893.70575004565
53 64 2.6058041427464E-15
54 64 -1.2621774483536E-29
64 64 2288.0835280544
65 64 -1.6835503197565E-14
66 64 1.2621774483536E-29
68 64 -4.3790577010151E-47
69 64 39.617568542172
76 64 -1394.3777780088
77 64 1.4229699054819E-14
80 64 -4.3790577010151E-47
81 64 61.004027787883
52 65 2.6058041427464E-15
53 65 -851.14833337681
64 65 -1.6835503197565E-14
65 65 2013.1298150508
67 65 4.3790577010151E-47
68 65 2.4308653429145E-63
69 65 -2.4257963079869E-15
76 65 1.4229699054819E-14
77 65 -1161.981481674
79 65 4.3790577010151E-47
80 65 2.4308653429145E-63
81 65 -3.7352960018899E-15
52 66 6.3108872417681E-30
53 66 7.0064923216241E-46
54 66 -893.70575004565
64 66 -6.3108872417681E-30
65 66 -7.0064923216241E-46
66 66 2288.0835280544
67 66 -39.617568542172
68 66 2.4257963079869E-15
78 66 -1394.3777780088
79 66 -61.004027787883
80 66 3.7352960018899E-15
52 67 7.8886090522101E-31
54 67 -64.159377737133
64 67 -7.8886090522101E-31
65 67 4.3790577010151E-47
66 67 3.1553499492497
67 67 74.944953129008
68 67 -4.5889032894352E-15
77 67 -4.3790577010151E-47
78 67 61.004027787883
79 67 -10.67570486288
80 67 6.5367680033074E-16
52 68 -8.7581154020301E-47
54 68 3.9284990817092E-15
64 68 4.3790577010151E-47
65 68 -2.4308653429145E-63
66 68 -1.9320307981922E-16
67 68 -4.5889032894352E-15
68 68 2.8098000626594E-31
76 68 4.3790577010151E-47
77 68 2.4308653429145E-63
78 68 -3.7352960018899E-15
79 68 6.5367680033074E-16
80 68 -4.0024838151565E-32
52 69 64.159377737133
53 69 -3.9284990817092E-15
64 69 -3.1553499492497
65 69 1.9320307981922E-16
68 69 -2.1895288505075E-47
69 69 74.944953129008
76 69 -61.004027787883
77 69 3.7352960018899E-15
81 69 -10.67570486288
58 70 -59.834306840403
59 70 -2.0341861764213
63 70 -0.96185383722841
70 70 137.66997525902
71 70 4.6803644158047
75 70 0.28937710861307
82 70 -77.835668418615
83 70 -2.6461782393834
87 70 1.2512309458415
58 71 -2.0341861764213
59 71 -71.012068013772
63 71 -5.4549441802031
70 71 4.6803644158047
71 71 163.3883663535
75 71 1.6411391350906
82 71 -2.6461782393834
83 71 -92.376298339731
87 71 7.0960833152937
60 72 -71.370749920459
61 72 0.96185383722841
62 72 5.4549441802031
72 72 164.21364087956
73 72 -0.28937710861307
74 72 -1.6411391350906
84 72 -92.842890959098
85 72 -1.2512309458415
86 72 -7.0960833152937
60 73 -0.96185383722841
61 73 -0.051851090550237
62 73 -0.29406214716492
72 73 -0.28937710861307
73 73 0.47720705596172
74 73 2.706375700669
84 73 1.2512309458415
85 73 -0.067450673440192
86 73 -0.38253177800232
60 74 -5.4549441802031
61 74 -0.29406214716492
62 74 -1.6677093090542
72 74 -1.6411391350906
73 74 2.706375700669
74 74 15.348619308259
84 74 7.0960833152937
85 74 -0.38253177800232
86 74 -2.1694455180106
58 75 0.96185383722841
59 75 5.4549441802031
63 75 -1.7195603996044
70 75 0.28937710861307
71 75 1.6411391350906
75 75 15.825826364221
82 75 -1.2512309458415
83 75 -7.0960833152937
87 75 -2.2368961914507
64 76 -1394.3777780088
65 76 1.4229699054819E-14
68 76 4.3790577010151E-47
69 76 -61.004027787883
76 76 2812.375030291
77 76 -2.8700436095215E-14
80 76 0
81 76 1.0333519994648
88 76 -1417.9972522823
89 76 1.4470737040396E-14
92 76 -4.3790577010151E-47
93 76 62.037379787348
64 77 1.4229699054819E-14
65 77 -1161.981481674
67 77 -4.3790577010151E-47
68 77 -2.4308653429145E-63
69 77 3.7352960018899E-15
76 77 -2.8700436095215E-14
77 77 2343.6458585758
78 77 7.0064923216241E-46
79 77 0
80 77 0
81 77 -6.3272471213984E-17
88 77 1.4470737040396E-14
89 77 -1181.6643769019
90 77 -7.0064923216241E-46
91 77 4.3790577010151E-47
92 77 2.4308653429145E-63
93 77 -3.7985684731039E-15
66 78 -1394.3777780088
67 78 61.004027787883
68 78 -3.7352960018899E-15
77 78 7.0064923216241E-46
78 78 2812.375030291
79 78 -1.0333519994648
80 78 6.3272471213984E-17
89 78 -7.0064923216241E-46
90 78 -1417.9972522823
91 78 -62.037379787348
92 78 3.7985684731039E-15
65 79 4.3790577010151E-47
66 79 -61.004027787883
67 79 -10.67570486288
68 79 6.5367680033074E-16
77 79 0
78 79 -1.0333519994648
79 79 86.128985302662
80 79 -5.2737051324957E-15
89 79 -4.3790577010151E-47
90 79 62.037379787348
91 79 -10.856541462786
92 79 6.6474948279319E-16
64 80 -4.3790577010151E-47
65 80 -2.4308653429145E-63
66 80 3.7352960018899E-15
67 80 6.5367680033074E-16
68 80 -4.0024838151565E-32
76 80 0
77 80 0
78 80 6.3272471213984E-17
79 80 -5.2737051324957E-15
80 80 3.22910640672E-31
88 80 4.3790577010151E-47
89 80 2.4308653429145E-63
90 80 -3.7985684731039E-15
91 80 6.6474948279319E-16
92 80 -4.0702822016434E-32
64 81 61.004027787883
65 81 -3.7352960018899E-15
69 81 -10.67570486288
76 81 1.0333519994648
77 81 -6.3272471213984E-17
81 81 86.128985302662
88 81 -62.037379787348
89 81 3.7985684731039E-15
93 81 -10.856541462786
70 82 -77.835668418615
71 82 -2.6461782393834
75 82 -1.2512309458415
82 82 172.75887822506
83 82 5.8732814082201
87 82 0.27468718400163
94 82 -94.923209806446
95 82 -3.2271031688367
99 82 1.5259181298431
70 83 -2.6461782393834
71 83 -92.376298339731
75 83 -7.0960833152937
82 83 5.8732814082201
83 83 205.03229431944
87 83 1.5578284327108
94 83 -3.2271031688367
95 83 -112.65599597971
99 83 8.6539117480045
72 84 -92.842890959098
73 84 1.2512309458415
74 84 7.0960833152937
84 84 206.067912297
85 84 -0.27468718400163
86 84 -1.5578284327108
96 84 -113.2250213379
97 84 -1.5259181298431
98 84 -8.6539117480045
72 85 -1.2512309458415
73 85 -0.067450673440192
74 85 -0.38253177800232
84 85 -0.27468718400163
85 85 0.59883613339742
86 85 3.396168476267
96 85 1.5259181298431
97 85 -0.082258359909163
98 85 -0.46651034106441
72 86 -7.0960833152937
73 86 -0.38253177800232
74 86 -2.1694455180106
84 86 -1.5578284327108
85 86 3.396168476267
86 86 19.260628535812
96 86 8.6539117480045
97 86 -0.46651034106441
98 86 -2.6457116159423
70 87 1.2512309458415
71 87 7.0960833152937
75 87 -2.2368961914507
82 87 0.27468718400163
83 87 1.5578284327108
87 87 19.859464669209
94 87 -1.5259181298431
95 87 -8.6539117480045
99 87 -2.7279699758515
76 88 -1417.9972522823
77 88 1.4470737040396E-14
80 88 4.3790577010151E-47
81 88 -62.037379787348
88 88 3401.7734658498
89 88 -3.4715278337866E-14
92 88 0
93 88 24.75282955623
100 88 -1983.7762135675
101 88 2.0244541297471E-14
104 88 -4.3790577010151E-47
105 88 86.790209343578
76 89 1.4470737040396E-14
77 89 -1181.6643769019
78 89 -7.0064923216241E-46
79 89 -4.3790577010151E-47
80 89 -2.4308653429145E-63
81 89 3.7985684731039E-15
88 89 -3.4715278337866E-14
89 89 2834.8112215415
90 89 7.0064923216241E-46
91 89 0
92 89 0
93 89 -1.5156236174821E-15
100 89 2.0244541297471E-14
101 89 -1653.1468446396
103 89 4.3790577010151E-47
104 89 2.4308653429145E-63
105 89 -5.314192090586E-15
77 90 -7.0064923216241E-46
78 90 -1417.9972522823
79 90 62.037379787348
80 90 -3.7985684731039E-15
89 90 7.0064923216241E-46
90 90 3401.7734658498
91 90 -24.75282955623
92 90 1.5156236174821E-15
102 90 -1983.7762135675
103 90 -86.790209343578
104 90 5.314192090586E-15
77 91 4.3790577010151E-47
78 91 -62.037379787348
79 91 -10.856541462786
80 91 6.6474948279319E-16
89 91 0
90 91 -24.75282955623
91 91 104.17931239165
92 91 -6.378932394583E-15
101 91 -4.3790577010151E-47
102 91 86.790209343578
103 91 -15.188286635126
104 91 9.2998361585255E-16
76 92 -4.3790577010151E-47
77 92 -2.4308653429145E-63
78 92 3.7985684731039E-15
79 92 6.6474948279319E-16
80 92 -4.0702822016434E-32
88 92 0
89 92 0
90 92 1.5156236174821E-15
91 92 -6.378932394583E-15
92 92 3.9058405705048E-31
93 92 -4.3790577010151E-47
100 92 4.3790577010151E-47
101 92 2.4308653429145E-63
102 92 -5.314192090586E-15
103 92 9.2998361585255E-16
104 92 -5.6943192246187E-32
105 92 1.0947644252538E-47
76 93 62.037379787348
77 93 -3.7985684731039E-15
81 93 -10.856541462786
88 93 24.75282955623
89 93 -1.5156236174821E-15
92 93 -4.3790577010151E-47
93 93 104.17931239165
100 93 -86.790209343578
101 93 5.314192090586E-15
104 93 1.0947644252538E-47
105 93 -15.188286635126
82 94 -94.923209806446
83 94 -3.2271031688367
87 94 -1.5259181298431
94 94 652.04826989859
95 94 3.2271031688367
99 94 22.848303249188
106 94 -557.12506009215
107 94 5.6854907371876E-15
111 94 24.374221379031
82 95 -3.2271031688367
83 95 -112.65599597971
87 95 -8.6539117480045
94 95 3.2271031688367
95 95 576.92687938983
99 95 -8.6539117480045
106 95 5.6854907371876E-15
107 95 -464.27088341012
111 95 -1.4924413185118E-15
84 96 -113.2250213379
85 96 1.5259181298431
86 96 8.6539117480045
96 96 670.35008143005
97 96 -22.848303249188
98 96 8.6539117480045
108 96 -557.12506009215
109 96 -24.374221379031
110 96 1.4924413185118E-15
84 97 -1.5259181298431
85 97 -0.082258359909163
86 97 -0.46651034106441
96 97 -22.848303249188
97 97 17.390988404959
98 97 1.8660413642577
108 97 24.374221379031
109 97 -4.2654887413305
110 97 2.6117723073956E-16
84 98 -8.6539117480045
85 98 -0.46651034106441
86 98 -2.6457116159423
96 98 8.6539117480045
97 98 1.8660413642577
98 98 10.582846463769
108 98 -1.4924413185118E-15
109 98 2.6117723073956E-16
110 98 -1.599196481187E-32
82 99 1.5259181298431
83 99 8.6539117480045
87 99 -2.7279699758515
94 99 22.848303249188
95 99 -8.6539117480045
99 99 27.973834868728
106 99 -24.374221379031
107 99 1.4924413185118E-15
111 99 -4.2654887413305
88 100 -1983.7762135675
89 100 2.0244541297471E-14
92 100 4.3790577010151E-47
93 100 -86.790209343578
100 100 3991.1719014085
101 100 -4.0730120580518E-14
104 100 4.3790577010151E-47
105 100 1.0333519994649
112 100 -2007.395687841
113 100 2.0485579283048E-14
117 100 87.823561343043
88 101 2.0244541297471E-14
89 101 -1653.1468446396
91 101 -4.3790577010151E-47
92 101 -2.4308653429145E-63
93 101 5.314192090586E-15
100 101 -4.0730120580518E-14
101 101 3325.9765845071
103 101 -4.3790577010151E-47
104 101 -2.4308653429145E-63
105 101 -6.3272471213985E-17
112 101 2.0485579283048E-14
113 101 -1672.8297398675
117 101 -5.3774645618E-15
90 102 -1983.7762135675
91 102 86.790209343578
92 102 -5.314192090586E-15
102 102 3991.1719014085
103 102 -1.0333519994649
104 102 6.3272471213985E-17
114 102 -2007.395687841
115 102 -87.823561343043
116 102 5.3774645618E-15
89 103 4.3790577010151E-47
90 103 -86.790209343578
91 103 -15.188286635126
92 103 9.2998361585255E-16
101 103 -4.3790577010151E-47
102 103 -1.0333519994649
103 103 122.22963948064
104 103 -7.4841596566702E-15
114 103 87.823561343043
115 103 -15.369123235033
116 103 9.41056298315E-16
88 104 -4.3790577010151E-47
89 104 -2.4308653429145E-63
90 104 5.314192090586E-15
91 104 9.2998361585255E-16
92 104 -5.6943192246187E-32
93 104 1.0947644252538E-47
100 104 4.3790577010151E-47
101 104 2.4308653429145E-63
102 104 6.3272471213985E-17
103 104 -7.4841596566702E-15
104 104 4.5825747342897E-31
105 104 -4.3790577010151E-47
114 104 -5.3774645618E-15
115 104 9.41056298315E-16
116 104 -5.7621176111056E-32
88 105 86.790209343578
89 105 -5.314192090586E-15
92 105 1.0947644252538E-47
93 105 -15.188286635126
100 105 1.0333519994649
101 105 -6.3272471213985E-17
104 105 -4.3790577010151E-47
105 105 122.22963948064
112 105 -87.823561343043
113 105 5.3774645618E-15
117 105 -15.369123235033
94 106 -557.12506009215
95 106 5.6854907371876E-15
99 106 -24.374221379031
106 106 1146.9048398976
107 106 -1.1704224618069E-14
111 106 1.4286439874572
118 106 -589.77977980545
119 106 6.018733880881E-15
123 106 25.802865366489
94 107 5.6854907371876E-15
95 107 -464.27088341012
99 107 1.4924413185118E-15
106 107 -1.1704224618069E-14
107 107 955.754033248
111 107 -8.7476325219513E-17
118 107 6.018733880881E-15
119 107 -491.48314983788
123 107 -1.5799176437313E-15
96 108 -557.12506009215
97 108 24.374221379031
98 108 -1.4924413185118E-15
108 108 1146.9048398976
109 108 -1.4286439874572
110 108 8.7476325219513E-17
120 108 -589.77977980545
121 108 -25.802865366489
122 108 1.5799176437313E-15
96 109 -24.374221379031
97 109 -4.2654887413305
98 109 2.6117723073956E-16
108 109 -1.4286439874572
109 109 35.123960721864
110 109 -2.1506512735701E-15
120 109 25.802865366489
121 109 -4.5155014391355
122 109 2.7648558765297E-16
96 110 1.4924413185118E-15
97 110 2.6117723073956E-16
98 110 -1.599196481187E-32
108 110 8.7476325219513E-17
109 110 -2.1506512735701E-15
110 110 1.3168506072351E-31
120 110 -1.5799176437313E-15
121 110 2.7648558765297E-16
122 110 -1.6929300369007E-32
94 111 24.374221379031
95 111 -1.4924413185118E-15
99 111 -4.2654887413305
106 111 1.4286439874572
107 111 -8.7476325219513E-17
111 111 35.123960721864
118 111 -25.802865366489
119 111 1.5799176437313E-15
123 111 -4.5155014391355
100 112 -2007.395687841
101 112 2.0485579283048E-14
105 112 -87.823561343043
112 112 8388.4382704137
113 112 -8.5604456704961E-14
117 112 18.527148366501
126 112 106.35070970954
100 113 2.0485579283048E-14
101 113 -1672.8297398675
105 113 5.3774645618E-15
112 113 -8.5604456704961E-14
113 113 6990.3652253447
117 113 -1.1344231803914E-15
126 113 -6.5118877421914E-15
102 114 -2007.395687841
103 114 87.823561343043
104 114 -5.3774645618E-15
114 114 8388.4382704137
115 114 -18.527148366501
116 114 1.1344231803914E-15
124 114 -106.35070970954
125 114 6.5118877421914E-15
102 115 -87.823561343043
103 115 -15.369123235033
104 115 9.41056298315E-16
114 115 -18.527148366501
115 115 89.836682196009
116 115 -5.5007285911777E-15
124 115 -7.0900473139696
125 115 4.3412584947942E-16
102 116 5.3774645618E-15
103 116 9.41056298315E-16
104 116 -5.7621176111056E-32
114 116 1.1344231803914E-15
115 116 -5.5007285911777E-15
116 116 3.3681135917043E-31
124 116 4.3412584947942E-16
125 116 -2.6581663681552E-32
100 117 87.823561343043
101 117 -5.3774645618E-15
105 117 -15.369123235033
112 117 18.527148366501
113 117 -1.1344231803914E-15
117 117 89.836682196009
126 117 -7.0900473139696
106 118 -589.77977980545
107 118 6.018733880881E-15
111 118 -25.802865366489
118 118 1516.6624485622
119 118 -1.5477620592609E-14
123 118 14.748251391617
127 118 -926.8826687567
128 118 9.4588867117275E-15
132 118 40.551116758106
106 119 6.018733880881E-15
107 119 -491.48314983788
111 119 1.5799176437313E-15
118 119 -1.5477620592609E-14
119 119 1263.8853738018
123 119 -9.030401180972E-16
127 119 9.4588867117275E-15
128 119 -772.40222396392
132 119 -2.4829577618285E-15
108 120 -589.77977980545
109 120 25.802865366489
110 120 -1.5799176437313E-15
120 120 1516.6624485622
121 120 -14.748251391617
122 120 9.030401180972E-16
129 120 -926.8826687567
130 120 -40.551116758106
131 120 2.4829577618285E-15
108 121 -25.802865366489
109 121 -4.5155014391355
110 121 2.7648558765297E-16
120 121 -14.748251391617
121 121 46.447787487216
122 121 -2.8440127838918E-15
129 121 40.551116758106
130 121 -7.0964454326685
131 121 4.3451760831998E-16
108 122 1.5799176437313E-15
109 122 2.7648558765297E-16
110 122 -1.6929300369007E-32
120 122 9.030401180972E-16
121 122 -2.8440127838918E-15
122 122 1.741398062753E-31
129 122 -2.4829577618285E-15
130 122 4.3451760831998E-16
131 122 -2.6605651199818E-32
106 123 25.802865366489
107 123 -1.5799176437313E-15
111 123 -4.5155014391355
118 123 14.748251391617
119 123 -9.030401180972E-16
123 123 46.447787487216
127 123 -40.551116758106
128 123 2.4829577618285E-15
132 123 -7.0964454326685
28 124 3.3807984977727E-34
29 124 1.7050508052018E-34
114 124 -106.35070970954
115 124 -7.0900473139696
116 124 4.3412584947942E-16
124 124 28.360189255879
125 124 -1.7365033979177E-15
28 125 6.8216012532389E-34
29 125 -3.1519215359867E-34
114 125 6.5118877421914E-15
115 125 4.3412584947942E-16
116 125 -2.6581663681552E-32
124 125 -1.7365033979177E-15
125 125 1.0632665472621E-31
28 126 -1.7347234759768E-18
29 126 3.4694469519536E-18
112 126 106.35070970954
113 126 -6.5118877421914E-15
117 126 -7.0900473139696
126 126 28.360189255879
118 127 -926.8826687567
119 127 9.4588867117275E-15
123 127 -40.551116758106
127 127 1886.4200572267
128 127 -1.9251016567148E-14
132 127 1.4286439874572
133 127 -959.53738847001
134 127 9.7921298554209E-15
138 127 41.979760745563
118 128 9.4588867117275E-15
119 128 -772.40222396392
123 128 2.4829577618285E-15
127 128 -1.9251016567148E-14
128 128 1572.0167143556
132 128 -8.7476325219513E-17
133 128 9.7921298554209E-15
134 128 -799.61449039167
138 128 -2.570434087048E-15
120 129 -926.8826687567
121 129 40.551116758106
122 129 -2.4829577618285E-15
129 129 1886.4200572267
130 129 -1.4286439874572
131 129 8.7476325219513E-17
135 129 -959.53738847001
136 129 -41.979760745563
137 129 2.570434087048E-15
120 130 -40.551116758106
121 130 -7.0964454326685
122 130 4.3451760831998E-16
129 130 -1.4286439874572
130 130 57.771614252568
131 130 -3.5373742942135E-15
135 130 41.979760745563
136 130 -7.3464581304735
137 130 4.498259652334E-16
120 131 2.4829577618285E-15
121 131 4.3451760831998E-16
122 131 -2.6605651199818E-32
129 131 8.7476325219513E-17
130 131 -3.5373742942135E-15
131 131 2.1659455182709E-31
135 131 -2.570434087048E-15
136 131 4.498259652334E-16
137 131 -2.7542986756955E-32
118 132 40.551116758106
119 132 -2.4829577618285E-15
123 132 -7.0964454326685
127 132 1.4286439874572
128 132 -8.7476325219513E-17
132 132 57.771614252568
133 132 -41.979760745563
134 132 2.570434087048E-15
138 132 -7.3464581304735
127 133 -959.53738847001
128 133 9.7921298554209E-15
132 133 -41.979760745563
133 133 4133.4682210994
134 133 -4.2182262057344E-14
138 133 10.919086464928
141 133 52.898847210491
127 134 9.7921298554209E-15
128 134 -799.61449039167
132 134 2.570434087048E-15
133 134 -4.2182262057344E-14
134 134 3444.5568509162
138 134 -6.6857913314432E-16
141 134 -3.2390132201923E-15
129 135 -959.53738847001
130 135 41.979760745563
131 135 -2.570434087048E-15
135 135 4133.4682210994
136 135 -10.919086464928
137 135 6.6857913314432E-16
139 135 -52.898847210491
140 135 3.2390132201923E-15
129 136 -41.979760745563
130 136 -7.3464581304735
131 136 4.498259652334E-16
135 136 -10.919086464928
136 136 43.492191778025
137 136 -2.6630407196515E-15
139 136 -3.5265898140327
140 136 2.1593421467949E-16
129 137 2.570434087048E-15
130 137 4.498259652334E-16
131 137 -2.7542986756955E-32
135 137 6.6857913314432E-16
136 137 -2.6630407196515E-15
137 137 1.6305882928865E-31
139 137 2.1593421467949E-16
140 137 -1.3221720565207E-32
127 138 41.979760745563
128 138 -2.570434087048E-15
132 138 -7.3464581304735
133 138 10.919086464928
134 138 -6.6857913314432E-16
138 138 43.492191778025
141 138 -3.5265898140327
135 139 -52.898847210491
136 139 -3.5265898140327
137 139 2.1593421467949E-16
139 139 14.106359256131
140 139 -8.6373685871795E-16
135 140 3.2390132201923E-15
136 140 2.1593421467949E-16
137 140 -1.3221720565207E-32
139 140 -8.6373685871795E-16
140 140 5.2886882260829E-32
133 141 52.898847210491
134 141 -3.2390132201923E-15
138 141 -3.5265898140327
141 141 14.106359256131
